0 28
1 27
2 26
3 25
4 36
5 35
6 34
7 33
8 32
9 31
10 30
11 29
12 141
13 229
14 228
15 231
16 230
17 146
18 147
19 148
20 233
21 232
22 151
23 152
24 153
37 234
38 243
39 242
40 164
41 165
42 166
43 167
44 245
45 244
46 239
47 240
48 241
49 170
50 247
51 246
52 116
53 117
54 118
55 119
56 249
57 248
58 175
59 176
60 177
61 85
62 84
63 83
64 82
65 89
66 88
67 87
68 86
69 183
70 253
71 252
72 186
73 187
74 159
75 255
76 254
77 190
78 191
79 192
80 157
81 158
90 256
91 262
92 261
93 200
94 201
95 202
96 259
97 260
98 203
99 264
100 263
101 214
102 215
103 216
104 206
105 207
106 123
107 122
108 121
109 120
110 210
111 211
112 212
113 213
114 237
115 238
124 265
125 271
126 270
127 221
128 222
129 223
130 268
131 269
132 266
133 267
134 224
135 225
136 156
137 155
138 154
139 161
140 160
142 143
144 145
149 150
162 163
168 169
171 172
173 174
178 195
179 194
180 193
181 197
182 196
184 185
188 189
198 199
204 205
208 218
209 217
219 220
226 236
227 235
250 258
251 257
