[[0, 1, 2, 3, 4, 5, 6, 7, 8, 9, 10, 11],
[12, 13, 14, 15, 16, 17, 18, 19, 20, 21, 22, 23],
[9, 24, 25, 26, 27, 28, 29, 30, 31, 0, 11, 10],
[15, 32, 33, 34, 35, 36, 0, 31, 30, 29, 37, 38],
[39, 40, 41, 21, 20, 19, 18, 42, 43, 34, 44, 45],
[34, 33, 32, 15, 14, 13, 12, 46, 47, 39, 45, 44],
[48, 49, 50, 51, 52, 53, 12, 23, 22, 21, 54, 55],
[56, 57, 58, 48, 55, 54, 21, 41, 40, 39, 59, 60],
[61, 62, 63, 51, 50, 49, 48, 64, 65, 66, 67, 68],
[51, 69, 70, 56, 60, 59, 39, 47, 46, 12, 53, 52],
[71, 72, 73, 66, 65, 64, 48, 58, 57, 56, 74, 75],
[56, 70, 69, 51, 63, 62, 61, 76, 77, 71, 75, 74],
[78, 79, 80, 81, 82, 83, 61, 68, 67, 66, 84, 85],
[86, 87, 88, 78, 85, 84, 66, 73, 72, 71, 89, 90],
[91, 92, 93, 81, 80, 79, 78, 94, 95, 96, 97, 98],
[81, 99, 100, 86, 90, 89, 71, 77, 76, 61, 83, 82],
[101, 102, 103, 96, 95, 94, 78, 88, 87, 86, 104, 105],
[86, 100, 99, 81, 93, 92, 91, 106, 107, 101, 105, 104],
[101, 107, 106, 91, 108, 109, 26, 25, 24, 9, 110, 111],
[29, 28, 27, 26, 112, 113, 6, 5, 4, 3, 114, 115],
[18, 17, 16, 15, 38, 37, 29, 115, 114, 3, 116, 117],
[96, 103, 102, 101, 111, 110, 9, 8, 7, 6, 118, 119],
[91, 98, 97, 96, 119, 118, 6, 113, 112, 26, 109, 108],
[34, 43, 42, 18, 117, 116, 3, 2, 1, 0, 36, 35]]
