0 247
1 298
2 297
3 47
4 48
5 49
6 50
7 300
8 299
9 238
10 253
11 254
12 235
13 236
14 237
15 51
16 52
17 53
18 313
19 314
20 128
21 129
22 130
23 131
24 293
25 294
26 62
27 63
28 64
29 65
30 414
31 415
32 140
33 403
34 402
35 348
36 358
37 359
38 331
39 332
40 333
41 149
42 150
43 151
44 200
45 201
46 202
54 344
55 345
56 92
57 93
58 94
59 95
60 285
61 286
66 440
67 441
68 80
69 81
70 82
71 83
72 442
73 443
74 182
75 183
76 184
77 185
78 448
79 449
84 455
85 454
90 452
91 453
96 295
97 296
102 458
103 459
104 188
105 189
106 190
107 191
108 346
109 347
110 217
111 218
112 219
113 220
114 356
115 357
116 176
117 177
118 178
119 179
120 373
121 372
122 194
123 195
124 196
125 197
126 368
127 369
132 270
133 271
134 205
135 206
136 207
137 208
138 470
139 471
141 465
142 464
147 321
148 322
152 164
153 375
154 374
159 377
160 376
161 173
162 174
163 175
165 392
166 391
167 360
168 370
169 371
170 353
171 394
172 393
180 416
181 417
186 424
187 425
192 433
193 432
198 428
199 429
203 303
204 304
209 462
210 463
211 223
212 224
213 225
214 226
215 315
216 316
221 325
222 326
227 337
228 336
233 334
234 335
239 477
240 476
245 474
246 475
248 479
249 478
255 267
256 278
257 277
262 280
263 279
264 274
265 275
266 276
268 288
269 287
272 290
273 289
281 291
282 292
301 480
302 481
307 472
308 473
311 342
312 343
317 327
318 328
323 330
324 329
338 460
339 461
340 410
341 411
349 426
350 427
351 420
352 421
354 431
355 430
361 418
362 419
363 423
364 422
365 388
366 389
367 390
379 401
380 400
381 397
382 398
383 399
386 396
387 395
404 466
405 467
408 468
409 469
412 438
413 439
434 456
435 457
444 450
445 451
