1 307
2 306
3 305
4 304
5 303
6 302
7 110
8 111
9 112
10 113
11 114
12 115
13 116
14 117
15 296
16 297
17 298
18 299
19 300
20 301
35 118
36 119
37 120
38 121
39 122
40 123
41 124
42 290
43 291
44 292
45 293
46 294
47 295
48 103
49 104
50 105
51 106
52 107
53 108
54 109
55 233
56 232
57 231
58 230
59 229
60 228
61 145
62 146
63 147
64 148
65 149
66 150
67 151
68 152
69 216
70 217
71 218
72 219
73 220
74 221
76 240
77 239
78 238
79 237
80 236
81 235
82 234
83 253
84 252
85 251
86 250
87 249
88 248
89 247
90 246
91 245
92 244
93 243
94 242
95 241
125 278
126 279
127 280
128 281
129 282
130 283
139 203
140 202
141 201
142 200
143 199
144 198
153 186
154 187
155 188
156 189
157 190
158 191
166 185
167 184
168 183
169 182
170 181
171 180
172 179
173 197
174 196
175 195
176 194
177 193
178 192
204 266
205 267
206 268
207 269
208 270
209 271
210 277
211 276
212 275
213 274
214 273
215 272
222 260
223 261
224 262
225 263
226 264
227 265
