[[0, 1, 2, 3, 4, 5, 6, 7, 8, 9, 10, 11],
[12, 13, 14, 15, 16, 17, 18, 19, 20, 21, 22, 23],
[24, 25, 26, 27, 28, 29, 30, 31, 32, 33, 34, 35],
[36, 37, 38, 39, 40, 41, 42, 43, 44, 45, 46, 47],
[48, 49, 50, 51, 52, 53, 54, 55, 56, 57, 58, 59],
[60, 61, 62, 63, 64, 65, 66, 67, 68, 69, 70, 71],
[0, 11, 10, 9, 72, 73, 74, 75, 76, 77, 78, 79],
[3, 2, 1, 0, 79, 78, 77, 80, 81, 82, 83, 84],
[6, 5, 4, 3, 84, 83, 82, 85, 86, 87, 88, 89],
[9, 8, 7, 6, 89, 88, 87, 90, 91, 74, 73, 72],
[45, 44, 43, 42, 92, 93, 82, 81, 80, 77, 94, 95],
[15, 14, 13, 12, 96, 97, 74, 91, 90, 87, 98, 99],
[12, 23, 22, 21, 100, 101, 102, 103, 104, 74, 97, 96],
[18, 17, 16, 15, 99, 98, 87, 105, 106, 107, 108, 109],
[21, 20, 19, 18, 109, 108, 107, 110, 111, 102, 101, 100],
[39, 38, 37, 36, 112, 113, 114, 115, 116, 117, 118, 119],
[36, 47, 46, 45, 95, 94, 77, 120, 121, 114, 113, 112],
[42, 41, 40, 39, 119, 118, 117, 122, 123, 82, 93, 92],
[27, 26, 25, 24, 124, 125, 102, 111, 110, 107, 126, 127],
[24, 35, 34, 33, 128, 129, 114, 130, 131, 102, 125, 124],
[30, 29, 28, 27, 127, 126, 107, 132, 133, 117, 134, 135],
[33, 32, 31, 30, 135, 134, 117, 116, 115, 114, 129, 128],
[48, 59, 58, 57, 136, 137, 77, 76, 75, 74, 138, 139],
[66, 65, 64, 63, 140, 141, 87, 86, 85, 82, 142, 143],
[51, 50, 49, 48, 139, 138, 74, 104, 103, 102, 144, 145],
[63, 62, 61, 60, 146, 147, 107, 106, 105, 87, 141, 140],
[54, 53, 52, 51, 145, 144, 102, 131, 130, 114, 148, 149],
[60, 71, 70, 69, 150, 151, 117, 133, 132, 107, 147, 146],
[57, 56, 55, 54, 149, 148, 114, 121, 120, 77, 137, 136],
[69, 68, 67, 66, 143, 142, 82, 123, 122, 117, 151, 150]]
