0 124
1 299
2 300
3 301
4 372
5 371
6 370
7 369
8 368
9 367
10 366
11 365
12 323
13 324
14 70
15 71
16 72
17 73
18 487
19 488
20 415
21 414
22 413
23 53
24 54
25 55
26 44
27 412
28 411
29 410
30 417
31 416
32 283
33 380
34 379
35 378
36 377
37 376
38 375
39 374
40 373
41 224
42 382
43 381
45 180
46 181
47 182
48 549
49 548
50 547
51 546
52 545
56 156
57 456
58 457
59 453
60 484
61 483
62 482
63 481
64 480
65 486
66 485
67 79
68 525
69 524
74 495
75 496
76 84
77 85
78 86
80 81
82 83
87 489
88 490
89 153
90 154
91 155
92 101
93 100
94 99
95 98
96 97
102 103
104 227
105 226
106 225
107 223
108 222
109 221
110 220
111 219
112 218
113 229
114 228
115 385
116 384
117 383
118 148
119 149
120 150
121 130
122 389
123 388
125 387
126 386
127 137
128 507
129 506
131 511
132 510
133 509
134 508
135 136
138 145
139 144
140 143
141 142
146 513
147 512
151 152
157 158
159 288
160 289
161 390
162 391
163 172
164 171
165 170
166 169
167 168
173 174
175 304
176 392
177 393
178 605
179 604
183 600
184 601
185 188
186 187
189 196
190 195
191 194
192 193
197 570
198 571
199 397
200 398
201 399
202 287
203 286
204 259
205 260
206 261
207 262
208 285
209 284
210 213
211 212
214 217
215 216
230 294
231 295
232 296
233 306
234 305
235 308
236 307
237 394
238 401
239 400
240 329
241 330
242 331
243 396
244 395
245 248
246 247
249 256
250 255
251 254
252 253
257 534
258 533
263 532
264 531
265 588
266 589
267 418
268 502
269 503
270 497
271 498
272 421
273 458
274 459
275 334
276 542
277 541
278 499
279 500
280 501
281 419
282 420
290 332
291 333
292 441
293 442
297 515
298 514
302 504
303 505
309 430
310 552
311 553
312 554
313 574
314 575
315 465
316 466
317 467
318 438
319 439
320 440
321 322
325 328
326 327
335 479
336 478
337 429
338 428
339 427
340 426
341 425
342 424
343 423
344 422
345 444
346 443
347 446
348 445
349 435
350 436
351 437
352 464
353 463
354 462
355 461
356 460
357 526
358 527
359 528
360 565
361 564
362 563
363 562
364 561
402 433
403 434
404 558
405 557
406 566
407 567
408 449
409 450
431 577
432 576
447 540
448 539
451 538
452 537
454 455
468 469
470 477
471 476
472 475
473 474
491 494
492 493
516 521
517 520
518 519
522 523
529 592
530 593
535 596
536 597
543 610
544 611
550 587
551 586
555 585
556 584
559 595
560 594
568 603
569 602
572 583
573 582
578 581
579 580
590 599
591 598
606 609
607 608
