[[0, 1, 2, 3, 4, 5, 6, 7, 8, 9, 10, 11],
[12, 13, 14, 9, 8, 7, 6, 15, 16, 17, 18, 19],
[20, 21, 22, 3, 23, 24, 25, 26, 27, 28, 29, 30],
[31, 32, 33, 34, 35, 36, 37, 38, 39, 40, 41, 42],
[43, 44, 45, 46, 47, 48, 49, 50, 51, 52, 53, 54],
[55, 56, 57, 58, 59, 60, 61, 62, 63, 64, 65, 66],
[67, 68, 69, 55, 66, 65, 64, 70, 71, 72, 73, 74],
[75, 76, 77, 28, 78, 79, 55, 69, 68, 67, 80, 81],
[28, 27, 26, 25, 82, 83, 58, 57, 56, 55, 79, 78],
[34, 84, 85, 43, 54, 53, 52, 86, 87, 37, 36, 35],
[72, 71, 70, 64, 88, 89, 43, 85, 84, 34, 90, 91],
[64, 63, 62, 61, 92, 93, 46, 45, 44, 43, 89, 88],
[94, 95, 96, 31, 42, 41, 40, 97, 98, 99, 100, 101],
[75, 81, 80, 67, 102, 103, 31, 96, 95, 94, 104, 105],
[67, 74, 73, 72, 91, 90, 34, 33, 32, 31, 103, 102],
[94, 106, 107, 20, 30, 29, 28, 77, 76, 75, 105, 104],
[99, 108, 109, 17, 110, 111, 20, 107, 106, 94, 101, 100],
[17, 16, 15, 6, 5, 4, 3, 22, 21, 20, 111, 110],
[40, 112, 113, 12, 19, 18, 17, 109, 108, 99, 98, 97],
[37, 87, 86, 52, 114, 115, 12, 113, 112, 40, 39, 38],
[52, 51, 50, 49, 116, 117, 9, 14, 13, 12, 115, 114],
[46, 118, 119, 0, 11, 10, 9, 117, 116, 49, 48, 47],
[61, 60, 59, 58, 120, 121, 0, 119, 118, 46, 93, 92],
[58, 83, 82, 25, 24, 23, 3, 2, 1, 0, 121, 120]]
